tensor([ 0.3118,  0.0648, -0.1716,  0.1801, -0.2936,  0.2672,  0.2579, -0.0049,
        -0.0303, -0.2728, -0.2056, -0.1074,  0.1909, -0.0073,  0.1447,  0.3112,
         0.1304, -0.0299,  0.0104, -0.0857, -0.3072,  0.0971,  0.3009, -0.1464,
        -0.0470, -0.1659,  0.1339, -0.1293,  0.1595, -0.2941,  0.2785, -0.1118,
         0.1241,  0.2314,  0.1164,  0.3234,  0.2497, -0.2563, -0.0523, -0.1039,
        -0.3000,  0.1119,  0.1748,  0.3259,  0.2201, -0.0672, -0.2919,  0.2878,
        -0.1986,  0.2691, -0.2319, -0.1543,  0.1395,  0.2206, -0.1439, -0.1570,
         0.2254,  0.0223,  0.2954,  0.1039, -0.1172,  0.1788,  0.0029, -0.2575,
        -0.1786, -0.2042,  0.3249,  0.2054, -0.0430,  0.1518,  0.2806, -0.1443,
        -0.1540, -0.2846, -0.2063,  0.2691,  0.1117,  0.3157, -0.1255,  0.3072,
        -0.2956,  0.1923,  0.2816, -0.3286, -0.1139, -0.0810,  0.1708,  0.2055,
        -0.0217,  0.0964, -0.2054,  0.1003,  0.2107,  0.0292, -0.0004,  0.2062,
        -0.0864,  0.0650, -0.0791,  0.2007,  0.3217,  0.2066, -0.0708, -0.0186,
         0.0483, -0.0266,  0.2724, -0.0464, -0.1326, -0.0297, -0.0912,  0.3286,
         0.0641,  0.0783, -0.2621,  0.0865, -0.3294, -0.2024,  0.2115, -0.0780,
         0.3115,  0.3224,  0.3214,  0.0171,  0.0274,  0.1579,  0.0739, -0.2925,
         0.1470, -0.2667,  0.2349,  0.0902,  0.1028,  0.2692,  0.2012, -0.0440,
         0.1046, -0.1908, -0.0081, -0.1216,  0.3100,  0.0617, -0.1582, -0.0353],
       grad_fn=<ViewBackward0>) 
Parameter containing:
tensor([ 0.0894, -0.0524,  0.0207,  0.0720, -0.0294,  0.2427,  0.1072,  0.1519,
        -0.2259, -0.3329, -0.1635, -0.2432, -0.3041,  0.3314,  0.2631,  0.1753],
       requires_grad=True) 
tensor([-0.0545,  0.0572,  0.0664,  ...,  0.0186,  0.0694, -0.0026],
       grad_fn=<ViewBackward0>) 
Parameter containing:
tensor([ 0.0808, -0.0121, -0.0396, -0.0373, -0.0001,  0.0181,  0.0179,  0.0244,
        -0.0829, -0.0147,  0.0715, -0.0789, -0.0299, -0.0066, -0.0448, -0.0413],
       requires_grad=True) 
tensor([-0.0078,  0.0715, -0.0239,  ..., -0.0119,  0.0737, -0.0303],
       grad_fn=<ViewBackward0>) 
Parameter containing:
tensor([ 0.0188,  0.0716, -0.0235, -0.0367,  0.0007, -0.0486, -0.0248, -0.0145,
         0.0732, -0.0055, -0.0444, -0.0520, -0.0189, -0.0241,  0.0346, -0.0782,
        -0.0143,  0.0556, -0.0604,  0.0380, -0.0458,  0.0207, -0.0638,  0.0655,
        -0.0581, -0.0689, -0.0431,  0.0817, -0.0427,  0.0561,  0.0178, -0.0360,
         0.0177,  0.0328, -0.0514,  0.0824, -0.0099,  0.0064, -0.0278,  0.0331,
        -0.0221, -0.0720,  0.0521, -0.0645,  0.0786,  0.0307, -0.0562,  0.0200,
        -0.0531,  0.0408, -0.0434,  0.0361, -0.0290, -0.0818, -0.0111, -0.0688,
        -0.0464, -0.0238, -0.0101,  0.0604, -0.0186,  0.0307, -0.0575, -0.0516],
       requires_grad=True) 
tensor([-0.0341,  0.0365,  0.0342,  ...,  0.0411,  0.0196, -0.0333],
       grad_fn=<ViewBackward0>) 
Parameter containing:
tensor([-0.0326, -0.0279,  0.0018,  0.0291,  0.0165,  0.0198, -0.0390,  0.0145,
         0.0339,  0.0047, -0.0203, -0.0369, -0.0224,  0.0136, -0.0293,  0.0091,
         0.0312, -0.0251,  0.0254, -0.0310,  0.0325,  0.0307,  0.0312,  0.0261,
        -0.0363,  0.0087,  0.0100,  0.0378, -0.0041,  0.0159,  0.0152,  0.0061,
        -0.0083, -0.0300,  0.0260,  0.0404, -0.0108,  0.0416,  0.0097, -0.0244,
        -0.0101, -0.0283,  0.0353,  0.0042, -0.0332,  0.0204,  0.0238,  0.0061,
        -0.0300, -0.0040, -0.0411, -0.0106, -0.0058, -0.0089,  0.0361,  0.0021,
        -0.0058, -0.0097, -0.0051,  0.0094,  0.0185, -0.0167,  0.0045,  0.0304],
       requires_grad=True) 
tensor([-0.0157, -0.0086,  0.0176,  ..., -0.0284, -0.0121,  0.0034],
       grad_fn=<ViewBackward0>) 
Parameter containing:
tensor([-0.0273, -0.0298, -0.0256, -0.0029,  0.0158, -0.0107,  0.0182, -0.0162,
         0.0296,  0.0250, -0.0260, -0.0223,  0.0010, -0.0096, -0.0112,  0.0135,
        -0.0073, -0.0367,  0.0025,  0.0008, -0.0088,  0.0362,  0.0039,  0.0374,
         0.0110,  0.0100,  0.0071, -0.0127, -0.0116, -0.0088,  0.0131, -0.0020,
        -0.0267,  0.0077, -0.0406,  0.0180, -0.0095, -0.0009,  0.0331,  0.0255,
         0.0236,  0.0109, -0.0086,  0.0356, -0.0171,  0.0316,  0.0124,  0.0307,
        -0.0246, -0.0250, -0.0100, -0.0024,  0.0216, -0.0327,  0.0099,  0.0326,
        -0.0184, -0.0069,  0.0382, -0.0371, -0.0172, -0.0265, -0.0173, -0.0225],
       requires_grad=True) 
tensor([-0.0168,  0.0192,  0.0013,  ..., -0.0133, -0.0194, -0.0262],
       grad_fn=<ViewBackward0>) 
Parameter containing:
tensor([-1.3212e-02, -2.1376e-02,  1.8467e-02, -2.4004e-02,  2.5939e-02,
        -1.1349e-02, -3.0388e-03,  1.6847e-02, -7.5019e-03, -2.4344e-02,
        -6.0965e-03, -9.4571e-03, -1.4720e-02,  2.4322e-02,  2.7604e-03,
         2.8259e-02, -2.8356e-02, -5.2785e-03, -2.0283e-02,  1.3426e-02,
        -1.0659e-02, -2.5086e-02,  1.6805e-02,  2.9709e-02,  2.5601e-03,
         5.1213e-03, -1.9091e-02, -2.9325e-02, -2.0309e-02, -6.0600e-03,
        -2.7329e-02,  2.6093e-02,  2.3135e-02, -2.3321e-04, -2.0244e-02,
         1.2574e-02,  2.4948e-02, -3.6112e-03,  5.9213e-04, -2.0290e-02,
         2.7682e-02,  2.5681e-02, -2.1775e-02, -2.2023e-02,  1.1496e-02,
         1.6919e-02, -1.4827e-02, -2.8183e-05, -1.7481e-02, -1.0568e-02,
        -5.1310e-03,  1.6559e-02,  6.7945e-03,  2.6489e-02, -1.2681e-02,
        -1.5779e-02,  3.0232e-02, -1.2541e-02, -1.5384e-02,  1.9370e-02,
        -3.0560e-02, -2.7153e-03, -2.9278e-02,  1.0271e-02,  8.3312e-03,
        -2.9454e-02,  2.1629e-02,  1.4176e-02, -5.3235e-03, -1.3786e-02,
        -1.1743e-03, -2.8692e-02,  6.5613e-04, -3.0989e-02, -1.9398e-02,
         1.4900e-02,  1.6042e-02,  2.3863e-02, -2.9507e-02, -1.3852e-02,
        -5.9871e-03, -2.9917e-02, -2.5307e-02,  2.8703e-02,  2.7752e-02,
        -1.9167e-02, -2.6189e-02,  8.9401e-03, -7.8256e-03, -7.5359e-03,
         1.1736e-02,  7.0389e-03, -2.1659e-02, -1.8973e-02,  1.4087e-02,
        -6.6792e-03,  2.4311e-02,  3.1965e-02,  1.0338e-02,  1.6140e-02,
         2.2083e-02, -2.1465e-02,  2.6310e-02, -3.1051e-02,  1.7854e-02,
         1.7516e-02, -1.4320e-02, -6.7464e-03,  2.9360e-02, -1.1166e-03,
         2.0431e-02,  2.8687e-02,  2.4065e-03, -4.1804e-03, -1.4507e-02,
        -2.9220e-02,  2.0494e-02,  2.5409e-02,  1.0113e-02, -1.4009e-02,
         2.4551e-02,  1.5318e-02, -1.5059e-02, -9.3249e-03, -8.2497e-03,
        -1.2210e-02,  2.3731e-03, -3.1199e-02], requires_grad=True) 
tensor([-0.0235,  0.0628, -0.0462,  ..., -0.0082,  0.0610, -0.0762],
       grad_fn=<ViewBackward0>) 
Parameter containing:
tensor([-0.0842,  0.0347, -0.0846, -0.0470,  0.0295, -0.0532,  0.0860,  0.0661,
        -0.0699, -0.0407,  0.0358,  0.0923,  0.0080, -0.0298,  0.0699,  0.0800,
         0.0266,  0.0618, -0.0524,  0.0689,  0.0349, -0.0454, -0.0235,  0.0604,
         0.0442, -0.0775,  0.0023,  0.0896,  0.0884,  0.0851, -0.0614,  0.0365,
        -0.0200, -0.0380,  0.0834, -0.0565, -0.0210, -0.0482,  0.0688,  0.0880,
         0.0004,  0.0318,  0.0264, -0.0556, -0.0721, -0.0351, -0.0716, -0.0576,
         0.0730, -0.0452, -0.0505,  0.0154, -0.0864, -0.0164, -0.0243, -0.0430,
        -0.0594, -0.0141, -0.0665, -0.0747,  0.0537,  0.0376,  0.0180,  0.0649,
         0.0018, -0.0209,  0.0794, -0.0322,  0.0111, -0.0710,  0.0053,  0.0386,
         0.0833, -0.0526,  0.0335,  0.0181,  0.0287, -0.0282, -0.0627,  0.0737,
         0.0214,  0.0657,  0.0767,  0.0776, -0.0147, -0.0056, -0.0360, -0.0601,
        -0.0356, -0.0278, -0.0516,  0.0062,  0.0278, -0.0296,  0.0426,  0.0278,
         0.0500,  0.0476, -0.0071,  0.0212, -0.0443,  0.0853, -0.0417, -0.0576,
         0.0639, -0.0658, -0.0363, -0.0689,  0.0824, -0.0040,  0.0154,  0.0296,
         0.0382, -0.0388,  0.0394, -0.0569, -0.0434, -0.0307, -0.0758, -0.0565,
         0.0048,  0.0740,  0.0058,  0.0273, -0.0554,  0.0602,  0.0008,  0.0550],
       requires_grad=True) 
tensor([ 0.0512, -0.0501, -0.0797, -0.0086,  0.0599,  0.0560, -0.0353, -0.0438,
        -0.0874,  0.0018, -0.0341, -0.0837, -0.0835,  0.0093,  0.0741,  0.0396,
         0.0077,  0.0476, -0.0047,  0.0286, -0.0619, -0.0591, -0.0472, -0.0506,
        -0.0805,  0.0838,  0.0720, -0.0691, -0.0741, -0.0418,  0.0677, -0.0362,
        -0.0521, -0.0320,  0.0857,  0.0833, -0.0007,  0.0849, -0.0827,  0.0340,
        -0.0183, -0.0390, -0.0167, -0.0338, -0.0554, -0.0377,  0.0723,  0.0094,
         0.0074, -0.0839, -0.0485, -0.0763,  0.0504,  0.0244, -0.0625,  0.0132,
        -0.0212, -0.0220, -0.0462, -0.0072, -0.0311,  0.0331, -0.0501,  0.0197,
        -0.0420,  0.0103,  0.0068,  0.0596, -0.0877,  0.0640, -0.0524,  0.0138,
         0.0340, -0.0787, -0.0587,  0.0168, -0.0330, -0.0748, -0.0790,  0.0651,
         0.0169,  0.0414, -0.0436,  0.0126, -0.0737,  0.0366, -0.0212,  0.0371,
         0.0648,  0.0429, -0.0469,  0.0678,  0.0102,  0.0869, -0.0365, -0.0233,
        -0.0719,  0.0867,  0.0087, -0.0213,  0.0489,  0.0798, -0.0694,  0.0805,
        -0.0567,  0.0358,  0.0353,  0.0424, -0.0062,  0.0034, -0.0735,  0.0870,
         0.0518, -0.0570, -0.0223,  0.0780, -0.0405, -0.0377, -0.0716,  0.0835,
        -0.0706,  0.0299,  0.0859, -0.0537,  0.0290, -0.0480,  0.0565,  0.0375,
        -0.0654, -0.0194, -0.0785, -0.0650,  0.0741,  0.0592,  0.0262, -0.0667,
         0.0149, -0.0044, -0.0072,  0.0583, -0.0410, -0.0581, -0.0459, -0.0456,
        -0.0422, -0.0840,  0.0238, -0.0280,  0.0567,  0.0867, -0.0875, -0.0177,
         0.0125,  0.0592, -0.0808,  0.0262, -0.0023, -0.0472, -0.0311, -0.0846,
        -0.0882, -0.0229,  0.0460,  0.0040, -0.0438, -0.0168,  0.0523,  0.0356,
        -0.0861, -0.0801,  0.0382, -0.0787,  0.0086, -0.0379, -0.0537, -0.0806,
        -0.0113, -0.0484, -0.0264, -0.0500,  0.0113, -0.0358,  0.0177,  0.0100,
        -0.0415,  0.0036, -0.0346,  0.0160,  0.0287,  0.0315,  0.0484, -0.0554,
         0.0490, -0.0820,  0.0457,  0.0554,  0.0203,  0.0353, -0.0311,  0.0841,
        -0.0201,  0.0510, -0.0042,  0.0570,  0.0366,  0.0561, -0.0396,  0.0296,
         0.0140,  0.0322, -0.0426,  0.0865,  0.0535,  0.0397, -0.0505, -0.0705,
         0.0678,  0.0524, -0.0658, -0.0600,  0.0858, -0.0195, -0.0152, -0.0809,
         0.0232,  0.0115,  0.0409,  0.0642, -0.0022,  0.0269,  0.0013,  0.0039,
        -0.0594,  0.0662, -0.0192,  0.0136,  0.0094, -0.0546, -0.0141,  0.0210,
        -0.0605,  0.0387,  0.0862,  0.0334, -0.0505,  0.0074, -0.0838, -0.0497,
        -0.0026,  0.0111, -0.0205, -0.0506, -0.0105, -0.0808, -0.0196, -0.0403],
       grad_fn=<ViewBackward0>) 
Parameter containing:
tensor([-0.0788,  0.1028], requires_grad=True) 
